tps: [193.2680462932] 
std: 38.316678345989 
latency: [6160] 
std: 1315.76812164087 
