tps: [46.44450145161201] 
std: 32.75813358599361 
latency: [13028] 
std: 3561.2649289985193 
