tps: [364.07576925449996] 
std: 168.0723982630923 
latency: [3688] 
std: 2392.9713365417247 
