tps: [178.90567911472252] 
std: 112.07583052876144 
latency: [8446] 
std: 3008.7856916740984 
