tps: [611.67478077925] 
std: 41.60995939179785 
latency: [5286] 
std: 1956.9686590840122 
