tps: [411.52533532137494] 
std: 148.38686818749807 
latency: [4857] 
std: 2011.7780755773865 
