tps: [341.91273900659377] 
std: 132.85553844326398 
latency: [4968] 
std: 2411.55623083807 
