tps: [95.46184788224] 
std: 60.27290146657162 
latency: [3872] 
std: 1226.35983710353 
