tps: [150.870829609] 
std: 86.157681105 
latency: [8467] 
std: 2200.346017208047 
