tps: [112.32223440588] 
std: 60.20161381681885 
latency: [5809] 
std: 2438.2057758847486 
