tps: [144.84032415299998] 
std: 21.289319515999992 
latency: [4128] 
std: 1198.870473696148 
