tps: [166.56898115254418] 
std: 68.93000226598564 
latency: [6745] 
std: 1466.9646923125408 

6
