tps: [102.1455086393] 
std: 17.6017980337 
latency: [7184] 
std: 1534.3295667884433 


1
