tps: [82.81512762349999] 
std: 66.50821522583716 
latency: [6256] 
std: 2202.557590167582 


