tps: [127.14350390825832] 
std: 56.80561070535567 
latency: [6672] 
std: 1138.6146099994655 
