tps: [435.92096777625] 
std: 108.22419795836929 
latency: [7212] 
std: 4959.423534070107 
