tps: [221.27902418936665] 
std: 111.6479042831222 
latency: [9904] 
std: 2392.7752908342013 
