tps: [170.54979054165] 
std: 57.451567885066865 
latency: [10248] 
std: 3932.305772064177 
