tps: [404.86786426705004] 
std: 140.60918186296288 
latency: [4438] 
std: 2375.932119861332 
