tps: [84.03225413533002] 
std: 28.019479014140956 
latency: [6610] 
std: 1439.5268288826308 
