tps: [81.80431585962125] 
std: 45.410267580483364 
latency: [10614] 
std: 3087.2667543281655 
