tps: [405.1614139083334] 
std: 168.5254465942487 
latency: [2977] 
std: 1626.625164814189 
