tps: [202.22782516579502] 
std: 158.96185831915673 
latency: [3271] 
std: 1772.523956306268 
