tps: [260.20833187815504] 
std: 113.93600404825928 
latency: [3333] 
std: 1369.018711460518 
