tps: [255.81751261845497] 
std: 134.95668746343105 
latency: [3304] 
std: 1760.2670567909038 
