tps: [257.768498672125] 
std: 142.50142372103443 
latency: [3412] 
std: 1903.7376627836102 
