tps: [221.8524882461] 
std: 119.394033072654 
latency: [5202] 
std: 1425.167313842039 
