tps: [195.262049834025] 
std: 82.27622651817015 
latency: [4403] 
std: 2109.7026997074777 
