tps: [204.67487390967332] 
std: 77.70353200640217 
latency: [5511] 
std: 2187.6123335415887 
