tps: [96.343903333529] 
std: 100.67057204665475 
latency: [7357] 
std: 1971.9980660460417 
