tps: [264.1504808008] 
std: 118.93951873600123 
latency: [3192] 
std: 1882.796867060343 
