tps: [218.00785316282668] 
std: 61.736391742726205 
latency: [4362] 
std: 769.935217981846 
