tps: [185.11060959475998] 
std: 93.38330359490531 
latency: [7186] 
std: 3099.9099269047247 
