tps: [230.87798636340003] 
std: 60.4858656487894 
latency: [5099] 
std: 1807.2619556878017 
