tps: [102.65607939216] 
std: 36.169755518130856 
latency: [6995] 
std: 1400.1789868494952 
