tps: [140.27567854046248] 
std: 147.57347997683704 
latency: [4019] 
std: 689.9794422444864 
