tps: [140.87261682732998] 
std: 149.7026128853117 
latency: [6689] 
std: 4354.680428627509 
