tps: [233.07346919386663] 
std: 69.46007536550543 
latency: [5322] 
std: 1820.2371265535903 
