tps: [233.07679630829998] 
std: 110.6948040225689 
latency: [3000] 
std: 2068.436073732642 
