tps: [152.162394018] 
std: 54.013945630533655 
latency: [6534] 
std: 1688.5251344944486 
