tps: [91.87955298844001] 
std: 54.79066344322761 
latency: [7203] 
std: 1832.8861752850537 
