tps: [785.6288101788501] 
std: 242.78313185228956 
latency: [7077] 
std: 2656.416419981532 
