tps: [134.7584073564] 
std: 63.02107627138355 
latency: [6655] 
std: 2169.1444562074294 

3
