tps: [148.735303660165] 
std: 59.24521032122133 
latency: [6719] 
std: 1679.4108556628682 
