tps: [119.5172739095] 
std: 7.754192313499999 
latency: [4121] 
std: 951.2096883473939 
