tps: [81.5355630931] 
std: 24.326056628528654 
latency: [5839] 
std: 1848.436339083919 
