tps: [498.368372194] 
std: 129.2526628374365 
latency: [6675] 
std: 3331.2678799967744 
