tps: [160.16206232763034] 
std: 120.82572773105866 
latency: [9707] 
std: 4039.361279110058 
