tps: [134.65623811879] 
std: 84.5294062698962 
latency: [12326] 
std: 4790.2148414499425 
