tps: [341.72416873176667] 
std: 158.83874053924814 
latency: [5257] 
std: 3376.0691543834346 
