tps: [375.44933402627] 
std: 209.3586485375339 
latency: [6796] 
std: 4211.319188423149 
