tps: [149.67598929266498] 
std: 64.86609295114728 
latency: [7148] 
std: 1577.9650606554887 
