tps: [75.90491057614] 
std: 84.67153306062481 
latency: [4554] 
std: 1360.3694450596724 
