tps: [461.6448204443001] 
std: 207.47809698117237 
latency: [6495] 
std: 3892.8478553293176 
