tps: [375.61351224850006] 
std: 172.02769186990108 
latency: [6290] 
std: 4001.1842084808345 
