tps: [143.04502769145333] 
std: 53.28517051212476 
latency: [5522] 
std: 1449.3617940387192 
