tps: [137.67932163928333] 
std: 74.46162217495078 
latency: [6029] 
std: 1555.895837362434 
