tps: [115.7708916371] 
std: 91.34649472392952 
latency: [4399] 
std: 1363.9087229441714 
