tps: [123.8895558225] 
std: 123.8895558225 
latency: [520] 
std: 416.37380885417093 
