tps: [141.6729909825] 
std: 98.28121783162435 
latency: [758] 
std: 710.8662568650196 
